[General]
camserial=3510

[BORESIGHT_CALIBRATION]
rolldiff=0
pitchdiff=1.5
yawdiff=1
date=2016-05-09 18:08:00
flipped_hor=false
flipped_ver=false

[RADIOMETRIC_CALIBRATION]
b=333
r=12996.611
f=1
date=1970-01-02 01:00:00

[GEOMETRIC_CALIBRATION]
fx=1115
fy=1114.4
cx=330
cy=260
date=2015-01-15 12:13:00
skew=0
k1=0
k2=0
k3=0
p1=0
p2=0
pixelshift_x=0
pixelshift_y=0

[DEAD_PIXEL]
bad_pixels_v="[(234,123),(234,122)]"
bad_pixels_h=[]
bad_lines_v="[(12,23,126),(55,59,234)]"
bad_lines_h=[]
set_mid_value="[(0,0,640,20)]"
